150
100278
100699
100764
101488
101681
103932
104982
105032
105630
106612
107479
107628
107873
108010
109061
109527
109694
110117
111057
111530
112142
112761
113309
114013
115514
118183
118878
118954
119976
121553
122587
123190
123295
124151
129151
129236
130406
130559
132454
133168
133437
134569
134978
136177
137892
138543
138555
139911
140456
141187
141361
142283
142968
144947
145454
145926
146462
147279
147291
150092
150896
151932
152417
152579
153900
154227
155349
156005
157333
162146
162150
163123
163946
164238
164737
166894
166928
168677
168868
169372
169397
169522
169606
169652
172240
172762
172902
172981
173207
173878
174182
176041
177890
178839
180233
182043
183716
184722
185561
186614
187305
188414
188758
188783
189547
189990
190198
191185
193344
193425
193685
197219
197266
197588
198699
198700
198727
200333
203505
204301
204411
204784
204868
205857
205873
208042
210030
211999
212000
212277
212387
212702
213410
216260
217136
217653
218309
221114
221571
222026
223128
225144
226100
226268
226511
226792
227100
227589
228506
229732
