1	1	1 405	5560
1	2		
1	3		
1	4		
1	5		
1	6		
1	7		
1	8		
1	9		
1	10		
1	11		
1	12		
1	13		
1	14		
1	15		
1	16		
1	17		
1	18		
1	19		
1	20		
1	21		
1	22		
1	23		
1	24		
1	25		
1	26		
1	27		
1	28		
1	29		
1	30		
1	31		
1	32		
1	33		
1	34		
1	35		
1	36		
1	37		
1	38		
1	39		
1	40		
1	41		
1	42		
1	43		
1	44		
1	45		
1	46		
1	47		
1	48		
1	49		
2	51		
2	53		
2	55		
2	57		
2	59		
2	61		
2	63		
2	65		
2	67		
2	69		
2	71		
2	73		
2	75		
2	77		
2	79		
2	81		
2	83		
2	85		
2	87		
2	89		
2	91		
2	93		
2	95		
2	97		
2	99		
2	101		
2	103		
2	105		
2	107		
2	109		
2	111		
2	113		
2	115		
2	117		
2	119		
2	121		
2	123		
2	125		
2	127		
2	129		
2	131		
2	133		
2	135		
2	137		
2	139		
2	141		
2	143		
2	145		
2	147		
2	149		
2	151		
2	153		
2	155		
2	157		
2	159		
2	161		
2	163		
2	165		
2	167		
3	170		
3	173		
3	176		
3	179		
3	182		
3	185		
3	188		
3	191		
3	194		
3	197		
3	200		
3	203		
3	206		
3	209		
3	212		
3	215		
3	218		
3	221		
3	224		
3	227		
3	230		
3	233		
3	236		
3	239		
3	242		
3	245		
3	248		
3	251		
3	254		
3	257		
3	260		
3	263		
3	266		
3	269		
3	272		
3	275		
3	278		
3	281		
3	284		
3	287		
3	290		
3	293		
3	296		
3	299		
3	302		
3	305		
3	308		
3	311		
3	314		
3	317		
3	320		
3	323		
3	326		
3	329		
3	332		
3	335		
3	338		
3	341		
3	344		
3	347		
3	350		
3	353		
3	356		
3	359		
3	362		
4	366		
4	370		
4	374		
4	378		
4	382		
4	386		
4	390		
4	394		
4	398		
4	402		
4	406		
4	410		
4	414		
4	418		
4	422		
4	426		
4	430		
4	434		
4	438		
4	442		
4	446		
4	450		
4	454		
4	458		
4	462		
4	466		
4	470		
4	474		
4	478		
4	482		
4	486		
4	490		
4	494		
4	498		
4	502		
4	506		
4	510		
4	514		
4	518		
4	522		
4	526		
4	530		
4	534		
4	538		
4	542		
4	546		
4	550		
4	554		
4	558		
4	562		
4	566		
4	570		
4	574		
4	578		
4	582		
5	587		
5	592		
5	597		
5	602		
5	607		
5	612		
5	617		
5	622		
5	627		
5	632		
5	637		
5	642		
5	647		
5	652		
5	657		
5	662		
5	667		
5	672		
5	677		
5	682		
5	687		
5	692		
5	697		
5	702		
5	707		
5	712		
5	717		
5	722		
5	727		
5	732		
5	737		
5	742		
5	747		
5	752		
5	757		
5	762		
5	767		
5	772		
5	777		
5	782		
5	787		
5	792		
5	797		
5	802		
5	807		
5	812		
5	817		
5	822		
5	827		
5	832		
5	837		
5	842		
5	847		
5	852		
5	857		
5	862		
6	868		
6	874		
6	880		
6	886		
6	892		
6	898		
6	904		
6	910		
6	916		
6	922		
6	928		
6	934		
6	940		
6	946		
6	952		
6	958		
6	964		
6	970		
6	976		
6	982		
6	988		
6	994		
6	1000		
6	1006		
6	1012		
6	1018		
6	1024		
6	1030		
6	1036		
6	1042		
6	1048		
6	1054		
6	1060		
6	1066		
6	1072		
6	1078		
6	1084		
6	1090		
6	1096		
6	1102		
6	1108		
6	1114		
6	1120		
6	1126		
6	1132		
6	1138		
6	1144		
6	1150		
6	1156		
6	1162		
6	1168		
6	1174		
6	1180		
6	1186		
7	1193		
7	1200		
7	1207		
7	1214		
7	1221		
7	1228		
7	1235		
7	1242		
7	1249		
7	1256		
7	1263		
7	1270		
7	1277		
7	1284		
7	1291		
7	1298		
7	1305		
7	1312		
7	1319		
7	1326		
7	1333		
7	1340		
7	1347		
7	1354		
7	1361		
7	1368		
7	1375		
7	1382		
7	1389		
7	1396		
7	1403		
7	1410		
7	1417		
7	1424		
7	1431		
7	1438		
7	1445		
7	1452		
7	1459		
7	1466		
7	1473		
7	1480		
7	1487		
7	1494		
7	1501		
7	1508		
8	1516		
8	1524		
8	1532		
8	1540		
8	1548		
8	1556		
8	1564		
8	1572		
8	1580		
8	1588		
8	1596		
8	1604		
8	1612		
8	1620		
8	1628		
8	1636		
8	1644		
8	1652		
8	1660		
8	1668		
8	1676		
8	1684		
8	1692		
8	1700		
8	1708		
8	1716		
8	1724		
8	1732		
8	1740		
8	1748		
8	1756		
8	1764		
8	1772		
8	1780		
8	1788		
8	1796		
8	1804		
8	1812		
8	1820		
8	1828		
8	1836		
8	1844		
8	1852		
8	1860		
8	1868		
8	1876		
8	1884		
8	1892		
8	1900		
8	1908		
8	1916		
8	1924		
8	1932		
8	1940		
8	1948		
8	1956		
8	1964		
8	1972		
8	1980		
8	1988		
8	1996		
9	2005		
9	2014		
9	2023		
9	2032		
9	2041		
9	2050		
9	2059		
9	2068		
9	2077		
9	2086		
9	2095		
9	2104		
9	2113		
9	2122		
9	2131		
9	2140		
9	2149		
9	2158		
9	2167		
9	2176		
9	2185		
9	2194		
9	2203		
9	2212		
9	2221		
9	2230		
9	2239		
9	2248		
9	2257		
9	2266		
9	2275		
9	2284		
9	2293		
9	2302		
9	2311		
9	2320		
9	2329		
9	2338		
9	2347		
9	2356		
9	2365		
9	2374		
9	2383		
9	2392		
9	2401		
9	2410		
9	2419		
9	2428		
9	2437		
9	2446		
9	2455		
9	2464		
9	2473		
9	2482		
9	2491		
9	2500		
9	2509		
9	2518		
9	2527		
9	2536		
9	2545		
9	2554		
9	2563		
9	2572		
9	2581		
9	2590		
9	2599		
9	2608		
9	2617		
10	2627		
10	2637		
10	2647		
10	2657		
10	2667		
10	2677		
10	2687		
10	2697		
10	2707		
10	2717		
10	2727		
10	2737		
10	2747		
10	2757		
10	2767		
10	2777		
10	2787		
10	2797		
10	2807		
10	2817		
10	2827		
10	2837		
10	2847		
10	2857		
10	2867		
10	2877		
10	2887		
10	2897		
10	2907		
10	2917		
10	2927		
10	2937		
10	2947		
10	2957		
10	2967		
10	2977		
10	2987		
10	2997		
10	3007		
10	3017		
10	3027		
10	3037		
10	3047		
10	3057		
10	3067		
10	3077		
10	3087		
10	3097		
10	3107		
10	3117		
10	3127		
10	3137		
10	3147		
10	3157		
10	3167		
10	3177		
10	3187		
10	3197		
10	3207		
10	3217		
10	3227		
11	3238		
11	3249		
11	3260		
11	3271		
11	3282		
11	3293		
11	3304		
11	3315		
11	3326		
11	3337		
11	3348		
11	3359		
11	3370		
11	3381		
11	3392		
11	3403		
11	3414		
11	3425		
11	3436		
11	3447		
11	3458		
11	3469		
11	3480		
11	3491		
11	3502		
11	3513		
11	3524		
11	3535		
11	3546		
11	3557		
11	3568		
11	3579		
11	3590		
11	3601		
11	3612		
11	3623		
11	3634		
11	3645		
11	3656		
11	3667		
11	3678		
11	3689		
11	3700		
12	3712		
12	3724		
12	3736		
12	3748		
12	3760		
12	3772		
12	3784		
12	3796		
12	3808		
12	3820		
12	3832		
12	3844		
12	3856		
12	3868		
12	3880		
12	3892		
12	3904		
12	3916		
12	3928		
12	3940		
12	3952		
12	3964		
12	3976		
12	3988		
12	4000		
12	4012		
12	4024		
12	4036		
12	4048		
12	4060		
12	4072		
12	4084		
12	4096		
12	4108		
12	4120		
12	4132		
12	4144		
12	4156		
12	4168		
12	4180		
12	4192		
12	4204		
12	4216		
12	4228		
12	4240		
12	4252		
12	4264		
12	4276		
12	4288		
12	4300		
12	4312		
12	4324		
12	4336		
12	4348		
12	4360		
12	4372		
12	4384		
12	4396		
12	4408		
12	4420		
12	4432		
12	4444		
12	4456		
12	4468		
12	4480		
12	4492		
12	4504		
12	4516		
12	4528		
12	4540		
12	4552		
12	4564		
12	4576		
12	4588		
12	4600		
12	4612		
13	4625		
13	4638		
13	4651		
13	4664		
13	4677		
13	4690		
13	4703		
13	4716		
13	4729		
13	4742		
13	4755		
13	4768		
13	4781		
13	4794		
13	4807		
13	4820		
13	4833		
13	4846		
13	4859		
13	4872		
13	4885		
13	4898		
13	4911		
13	4924		
13	4937		
13	4950		
13	4963		
13	4976		
13	4989		
13	5002		
13	5015		
13	5028		
13	5041		
13	5054		
13	5067		
13	5080		
13	5093		
13	5106		
13	5119		
13	5132		
13	5145		
13	5158		
13	5171		
13	5184		
13	5197		
13	5210		
13	5223		
13	5236		
13	5249		
13	5262		
13	5275		
13	5288		
13	5301		
14	5315		
14	5329		
14	5343		
14	5357		
14	5371		
14	5385		
14	5399		
14	5413		
14	5427		
14	5441		
14	5455		
14	5469		
14	5483		
14	5497		
14	5511		
14	5525		
14	5539		
14	5553		
14	5567		
14	5581		
14	5595		
14	5609		
14	5623		
14	5637		
14	5651		
14	5665		
14	5679		
14	5693		
14	5707		
14	5721		
14	5735		
14	5749		
14	5763		
14	5777		
14	5791		
14	5805		
14	5819		
14	5833		
14	5847		
14	5861		
14	5875		
14	5889		
14	5903		
14	5917		
14	5931		
14	5945		
14	5959		
14	5973		
14	5987		
14	6001		
14	6015		
14	6029		
14	6043		
15	6058		
15	6073		
15	6088		
15	6103		
15	6118		
15	6133		
15	6148		
15	6163		
15	6178		
15	6193		
15	6208		
15	6223		
15	6238		
15	6253		
15	6268		
15	6283		
15	6298		
15	6313		
15	6328		
15	6343		
15	6358		
15	6373		
15	6388		
15	6403		
15	6418		
15	6433		
15	6448		
15	6463		
15	6478		
15	6493		
15	6508		
15	6523		
15	6538		
15	6553		
15	6568		
15	6583		
15	6598		
15	6613		
15	6628		
15	6643		
15	6658		
15	6673		
15	6688		
15	6703		
15	6718		
15	6733		
15	6748		
15	6763		
15	6778		
15	6793		
15	6808		
15	6823		
15	6838		
15	6853		
15	6868		
15	6883		
15	6898		
15	6913		
15	6928		
15	6943		
15	6958		
15	6973		
15	6988		
15	7003		
15	7018		
15	7033		
15	7048		
16	7064		
16	7080		
16	7096		
16	7112		
16	7128		
16	7144		
16	7160		
16	7176		
16	7192		
16	7208		
16	7224		
16	7240		
16	7256		
16	7272		
16	7288		
16	7304		
16	7320		
16	7336		
16	7352		
16	7368		
16	7384		
16	7400		
16	7416		
16	7432		
16	7448		
16	7464		
16	7480		
16	7496		
16	7512		
16	7528		
16	7544		
16	7560		
16	7576		
16	7592		
16	7608		
16	7624		
16	7640		
16	7656		
16	7672		
16	7688		
16	7704		
16	7720		
16	7736		
16	7752		
16	7768		
16	7784		
16	7800		
16	7816		
16	7832		
16	7848		
16	7864		
17	7881		
17	7898		
17	7915		
17	7932		
17	7949		
17	7966		
17	7983		
17	8000		
17	8017		
17	8034		
17	8051		
17	8068		
17	8085		
17	8102		
17	8119		
17	8136		
17	8153		
17	8170		
17	8187		
17	8204		
17	8221		
17	8238		
17	8255		
17	8272		
17	8289		
17	8306		
17	8323		
17	8340		
17	8357		
17	8374		
17	8391		
17	8408		
17	8425		
17	8442		
17	8459		
17	8476		
17	8493		
17	8510		
17	8527		
17	8544		
17	8561		
17	8578		
17	8595		
17	8612		
17	8629		
17	8646		
17	8663		
17	8680		
17	8697		
17	8714		
17	8731		
17	8748		
17	8765		
17	8782		
17	8799		
17	8816		
18	8834		
18	8852		
18	8870		
18	8888		
18	8906		
18	8924		
18	8942		
18	8960		
18	8978		
18	8996		
18	9014		
18	9032		
18	9050		
18	9068		
18	9086		
18	9104		
18	9122		
18	9140		
18	9158		
18	9176		
18	9194		
18	9212		
18	9230		
18	9248		
18	9266		
18	9284		
18	9302		
18	9320		
18	9338		
18	9356		
18	9374		
18	9392		
18	9410		
18	9428		
18	9446		
18	9464		
18	9482		
18	9500		
18	9518		
18	9536		
18	9554		
18	9572		
18	9590		
18	9608		
18	9626		
18	9644		
18	9662		
18	9680		
18	9698		
18	9716		
18	9734		
18	9752		
19	9771		
19	9790		
19	9809		
19	9828		
19	9847		
19	9866		
19	9885		
19	9904		
19	9923		
19	9942		
19	9961		
19	9980		
19	9999		
19	10018		
19	10037		
19	10056		
19	10075		
19	10094		
19	10113		
19	10132		
19	10151		
19	10170		
19	10189		
19	10208		
19	10227		
19	10246		
19	10265		
19	10284		
19	10303		
19	10322		
19	10341		
19	10360		
19	10379		
19	10398		
19	10417		
19	10436		
19	10455		
19	10474		
19	10493		
19	10512		
19	10531		
19	10550		
19	10569		
19	10588		
19	10607		
19	10626		
19	10645		
19	10664		
19	10683		
19	10702		
19	10721		
19	10740		
19	10759		
19	10778		
19	10797		
19	10816		
19	10835		
19	10854		
19	10873		
19	10892		
19	10911		
19	10930		
19	10949		
19	10968		
20	10988		
20	11008		
20	11028		
20	11048		
20	11068		
20	11088		
20	11108		
20	11128		
20	11148		
20	11168		
20	11188		
20	11208		
20	11228		
20	11248		
20	11268		
20	11288		
20	11308		
20	11328		
20	11348		
20	11368		
20	11388		
20	11408		
20	11428		
20	11448		
20	11468		
20	11488		
20	11508		
20	11528		
20	11548		
20	11568		
20	11588		
20	11608		
20	11628		
20	11648		
20	11668		
20	11688		
20	11708		
20	11728		
20	11748		
20	11768		
20	11788		
20	11808		
20	11828		
20	11848		
20	11868		
20	11888		
20	11908		
20	11928		
20	11948		
20	11968		
20	11988		
20	12008		
20	12028		
20	12048		
20	12068		
20	12088		
20	12108		
20	12128		
20	12148		
20	12168		
20	12188		
21	12209		
21	12230		
21	12251		
21	12272		
21	12293		
21	12314		
21	12335		
21	12356		
21	12377		
21	12398		
21	12419		
21	12440		
21	12461		
21	12482		
21	12503		
21	12524		
21	12545		
21	12566		
21	12587		
21	12608		
21	12629		
21	12650		
21	12671		
21	12692		
21	12713		
21	12734		
21	12755		
21	12776		
21	12797		
21	12818		
21	12839		
21	12860		
21	12881		
21	12902		
21	12923		
21	12944		
21	12965		
21	12986		
21	13007		
21	13028		
21	13049		
21	13070		
21	13091		
21	13112		
21	13133		
21	13154		
21	13175		
21	13196		
21	13217		
21	13238		
21	13259		
21	13280		
21	13301		
21	13322		
22	13344		
22	13366		
22	13388		
22	13410		
22	13432		
22	13454		
22	13476		
22	13498		
22	13520		
22	13542		
22	13564		
22	13586		
22	13608		
22	13630		
22	13652		
22	13674		
22	13696		
22	13718		
22	13740		
22	13762		
22	13784		
22	13806		
22	13828		
22	13850		
22	13872		
22	13894		
22	13916		
22	13938		
22	13960		
22	13982		
22	14004		
22	14026		
22	14048		
22	14070		
22	14092		
22	14114		
22	14136		
22	14158		
22	14180		
22	14202		
22	14224		
22	14246		
22	14268		
22	14290		
22	14312		
22	14334		
22	14356		
22	14378		
22	14400		
22	14422		
22	14444		
23	14467		
23	14490		
23	14513		
23	14536		
23	14559		
23	14582		
23	14605		
23	14628		
23	14651		
23	14674		
23	14697		
23	14720		
23	14743		
23	14766		
23	14789		
23	14812		
23	14835		
23	14858		
23	14881		
23	14904		
23	14927		
23	14950		
23	14973		
23	14996		
23	15019		
23	15042		
23	15065		
23	15088		
23	15111		
23	15134		
23	15157		
23	15180		
23	15203		
23	15226		
23	15249		
23	15272		
23	15295		
23	15318		
23	15341		
23	15364		
23	15387		
23	15410		
24	15434		
24	15458		
24	15482		
24	15506		
24	15530		
24	15554		
24	15578		
24	15602		
24	15626		
24	15650		
24	15674		
24	15698		
24	15722		
24	15746		
24	15770		
24	15794		
24	15818		
24	15842		
24	15866		
24	15890		
24	15914		
24	15938		
24	15962		
24	15986		
24	16010		
24	16034		
24	16058		
24	16082		
24	16106		
24	16130		
24	16154		
24	16178		
24	16202		
24	16226		
24	16250		
24	16274		
24	16298		
24	16322		
24	16346		
24	16370		
24	16394		
24	16418		
24	16442		
24	16466		
24	16490		
24	16514		
24	16538		
24	16562		
24	16586		
24	16610		
24	16634		
24	16658		
25	16683		
25	16708		
25	16733		
25	16758		
25	16783		
25	16808		
25	16833		
25	16858		
25	16883		
25	16908		
25	16933		
25	16958		
25	16983		
25	17008		
25	17033		
25	17058		
25	17083		
25	17108		
25	17133		
25	17158		
25	17183		
25	17208		
25	17233		
25	17258		
25	17283		
25	17308		
25	17333		
25	17358		
25	17383		
25	17408		
25	17433		
25	17458		
25	17483		
25	17508		
25	17533		
25	17558		
25	17583		
25	17608		
25	17633		
25	17658		
25	17683		
25	17708		
25	17733		
25	17758		
25	17783		
25	17808		
25	17833		
25	17858		
25	17883		
25	17908		
25	17933		
25	17958		
25	17983		
25	18008		
25	18033		
25	18058		
25	18083		
25	18108		
25	18133		
25	18158		
26	18184		
26	18210		
26	18236		
26	18262		
26	18288		
26	18314		
26	18340		
26	18366		
26	18392		
26	18418		
26	18444		
26	18470		
26	18496		
26	18522		
26	18548		
26	18574		
26	18600		
26	18626		
26	18652		
26	18678		
26	18704		
26	18730		
26	18756		
26	18782		
26	18808		
26	18834		
26	18860		
26	18886		
26	18912		
26	18938		
26	18964		
26	18990		
26	19016		
26	19042		
26	19068		
26	19094		
26	19120		
26	19146		
26	19172		
26	19198		
26	19224		
26	19250		
26	19276		
26	19302		
26	19328		
26	19354		
26	19380		
26	19406		
26	19432		
26	19458		
26	19484		
26	19510		
26	19536		
26	19562		
26	19588		
26	19614		
26	19640		
26	19666		
26	19692		
26	19718		
26	19744		
26	19770		
26	19796		
26	19822		
26	19848		
26	19874		
26	19900		
27	19927		
27	19954		
27	19981		
27	20008		
27	20035		
27	20062		
27	20089		
27	20116		
27	20143		
27	20170		
27	20197		
27	20224		
27	20251		
27	20278		
27	20305		
27	20332		
27	20359		
27	20386		
27	20413		
27	20440		
27	20467		
27	20494		
27	20521		
27	20548		
27	20575		
27	20602		
27	20629		
27	20656		
27	20683		
27	20710		
27	20737		
27	20764		
27	20791		
27	20818		
27	20845		
27	20872		
27	20899		
27	20926		
27	20953		
27	20980		
27	21007		
27	21034		
27	21061		
27	21088		
28	21116		
28	21144		
28	21172		
28	21200		
28	21228		
28	21256		
28	21284		
28	21312		
28	21340		
28	21368		
28	21396		
28	21424		
28	21452		
28	21480		
28	21508		
28	21536		
28	21564		
28	21592		
28	21620		
28	21648		
28	21676		
28	21704		
28	21732		
28	21760		
28	21788		
28	21816		
28	21844		
28	21872		
28	21900		
28	21928		
28	21956		
28	21984		
28	22012		
28	22040		
28	22068		
28	22096		
28	22124		
28	22152		
28	22180		
28	22208		
28	22236		
28	22264		
28	22292		
28	22320		
28	22348		
28	22376		
28	22404		
28	22432		
28	22460		
28	22488		
28	22516		
28	22544		
28	22572		
28	22600		
28	22628		
28	22656		
28	22684		
28	22712		
28	22740		
28	22768		
28	22796		
29	22825		
29	22854		
29	22883		
29	22912		
29	22941		
29	22970		
29	22999		
29	23028		
29	23057		
29	23086		
29	23115		
29	23144		
29	23173		
29	23202		
29	23231		
29	23260		
29	23289		
29	23318		
29	23347		
29	23376		
29	23405		
29	23434		
29	23463		
29	23492		
29	23521		
29	23550		
29	23579		
29	23608		
29	23637		
29	23666		
29	23695		
29	23724		
29	23753		
29	23782		
29	23811		
29	23840		
29	23869		
29	23898		
29	23927		
29	23956		
29	23985		
29	24014		
29	24043		
29	24072		
29	24101		
29	24130		
29	24159		
29	24188		
29	24217		
29	24246		
29	24275		
29	24304		
29	24333		
29	24362		
29	24391		
29	24420		
29	24449		
29	24478		
29	24507		
29	24536		
29	24565		
29	24594		
29	24623		
29	24652		
29	24681		
29	24710		
30	24740		
30	24770		
30	24800		
30	24830		
30	24860		
30	24890		
30	24920		
30	24950		
30	24980		
30	25010		
30	25040		
30	25070		
30	25100		
30	25130		
30	25160		
30	25190		
30	25220		
30	25250		
30	25280		
30	25310		
30	25340		
30	25370		
30	25400		
30	25430		
30	25460		
30	25490		
30	25520		
30	25550		
30	25580		
30	25610		
30	25640		
30	25670		
30	25700		
30	25730		
30	25760		
30	25790		
30	25820		
30	25850		
30	25880		
30	25910		
30	25940		
30	25970		
30	26000		
30	26030		
31	26061		
31	26092		
31	26123		
31	26154		
31	26185		
31	26216		
31	26247		
31	26278		
31	26309		
31	26340		
31	26371		
31	26402		
31	26433		
31	26464		
31	26495		
31	26526		
31	26557		
31	26588		
31	26619		
31	26650		
31	26681		
31	26712		
31	26743		
31	26774		
31	26805		
31	26836		
31	26867		
31	26898		
31	26929		
31	26960		
31	26991		
31	27022		
31	27053		
31	27084		
31	27115		
31	27146		
31	27177		
31	27208		
31	27239		
31	27270		
31	27301		
31	27332		
31	27363		
31	27394		
31	27425		
31	27456		
31	27487		
31	27518		
31	27549		
31	27580		
31	27611		
31	27642		
31	27673		
31	27704		
31	27735		
31	27766		
31	27797		
31	27828		
31	27859		
32	27891		
32	27923		
32	27955		
32	27987		
32	28019		
32	28051		
32	28083		
32	28115		
32	28147		
32	28179		
32	28211		
32	28243		
32	28275		
32	28307		
32	28339		
32	28371		
32	28403		
32	28435		
32	28467		
32	28499		
32	28531		
32	28563		
32	28595		
32	28627		
32	28659		
32	28691		
32	28723		
32	28755		
32	28787		
32	28819		
32	28851		
32	28883		
32	28915		
32	28947		
32	28979		
32	29011		
32	29043		
32	29075		
32	29107		
32	29139		
32	29171		
33	29204		
33	29237		
33	29270		
33	29303		
33	29336		
33	29369		
33	29402		
33	29435		
33	29468		
33	29501		
33	29534		
33	29567		
33	29600		
33	29633		
33	29666		
33	29699		
33	29732		
33	29765		
33	29798		
33	29831		
33	29864		
33	29897		
33	29930		
33	29963		
33	29996		
33	30029		
33	30062		
33	30095		
33	30128		
33	30161		
33	30194		
33	30227		
33	30260		
33	30293		
33	30326		
33	30359		
33	30392		
33	30425		
33	30458		
33	30491		
33	30524		
33	30557		
33	30590		
33	30623		
33	30656		
33	30689		
33	30722		
33	30755		
33	30788		
33	30821		
33	30854		
33	30887		
33	30920		
33	30953		
33	30986		
33	31019		
33	31052		
34	31086		
34	31120		
34	31154		
34	31188		
34	31222		
34	31256		
34	31290		
34	31324		
34	31358		
34	31392		
34	31426		
34	31460		
34	31494		
34	31528		
34	31562		
34	31596		
34	31630		
34	31664		
34	31698		
34	31732		
34	31766		
34	31800		
34	31834		
34	31868		
34	31902		
34	31936		
34	31970		
34	32004		
34	32038		
34	32072		
34	32106		
34	32140		
34	32174		
34	32208		
34	32242		
34	32276		
34	32310		
34	32344		
34	32378		
34	32412		
34	32446		
34	32480		
34	32514		
34	32548		
34	32582		
34	32616		
34	32650		
35	32685		
35	32720		
35	32755		
35	32790		
35	32825		
35	32860		
35	32895		
35	32930		
35	32965		
35	33000		
35	33035		
35	33070		
35	33105		
35	33140		
35	33175		
35	33210		
35	33245		
35	33280		
35	33315		
35	33350		
35	33385		
35	33420		
35	33455		
35	33490		
35	33525		
35	33560		
35	33595		
35	33630		
35	33665		
35	33700		
35	33735		
35	33770		
35	33805		
35	33840		
35	33875		
35	33910		
35	33945		
35	33980		
35	34015		
35	34050		
35	34085		
35	34120		
35	34155		
35	34190		
35	34225		
35	34260		
35	34295		
35	34330		
35	34365		
35	34400		
35	34435		
35	34470		
35	34505		
35	34540		
35	34575		
35	34610		
35	34645		
35	34680		
35	34715		
35	34750		
35	34785		
35	34820		
35	34855		
35	34890		
35	34925		
35	34960		
35	34995		
36	35031		
36	35067		
36	35103		
36	35139		
36	35175		
36	35211		
36	35247		
36	35283		
36	35319		
36	35355		
36	35391		
36	35427		
36	35463		
36	35499		
36	35535		
36	35571		
36	35607		
36	35643		
36	35679		
36	35715		
36	35751		
36	35787		
36	35823		
36	35859		
36	35895		
36	35931		
36	35967		
36	36003		
36	36039		
36	36075		
36	36111		
36	36147		
36	36183		
36	36219		
36	36255		
36	36291		
36	36327		
36	36363		
36	36399		
36	36435		
36	36471		
36	36507		
36	36543		
36	36579		
36	36615		
36	36651		
36	36687		
36	36723		
36	36759		
36	36795		
36	36831		
36	36867		
36	36903		
37	36940		
37	36977		
37	37014		
37	37051		
37	37088		
37	37125		
37	37162		
37	37199		
37	37236		
37	37273		
37	37310		
37	37347		
37	37384		
37	37421		
37	37458		
37	37495		
37	37532		
37	37569		
37	37606		
37	37643		
37	37680		
37	37717		
37	37754		
37	37791		
37	37828		
37	37865		
37	37902		
37	37939		
37	37976		
37	38013		
37	38050		
37	38087		
37	38124		
37	38161		
37	38198		
37	38235		
37	38272		
37	38309		
37	38346		
37	38383		
37	38420		
37	38457		
37	38494		
37	38531		
37	38568		
37	38605		
37	38642		
37	38679		
37	38716		
37	38753		
37	38790		
37	38827		
37	38864		
37	38901		
37	38938		
37	38975		
37	39012		
38	39050		
38	39088		
38	39126		
38	39164		
38	39202		
38	39240		
38	39278		
38	39316		
38	39354		
38	39392		
38	39430		
38	39468		
38	39506		
38	39544		
38	39582		
38	39620		
38	39658		
38	39696		
38	39734		
38	39772		
38	39810		
38	39848		
38	39886		
38	39924		
38	39962		
38	40000		
38	40038		
38	40076		
38	40114		
38	40152		
38	40190		
38	40228		
38	40266		
38	40304		
38	40342		
38	40380		
38	40418		
38	40456		
38	40494		
38	40532		
38	40570		
38	40608		
38	40646		
38	40684		
38	40722		
38	40760		
38	40798		
38	40836		
38	40874		
38	40912		
38	40950		
38	40988		
38	41026		
38	41064		
38	41102		
38	41140		
38	41178		
38	41216		
38	41254		
38	41292		
38	41330		
38	41368		
38	41406		
38	41444		
39	41483		
39	41522		
39	41561		
39	41600		
39	41639		
39	41678		
39	41717		
39	41756		
39	41795		
39	41834		
39	41873		
39	41912		
39	41951		
39	41990		
39	42029		
39	42068		
39	42107		
39	42146		
39	42185		
39	42224		
39	42263		
39	42302		
39	42341		
39	42380		
39	42419		
39	42458		
39	42497		
39	42536		
39	42575		
39	42614		
39	42653		
39	42692		
39	42731		
39	42770		
39	42809		
39	42848		
39	42887		
39	42926		
39	42965		
39	43004		
39	43043		
39	43082		
40	43122		
40	43162		
40	43202		
40	43242		
40	43282		
40	43322		
40	43362		
40	43402		
40	43442		
40	43482		
40	43522		
40	43562		
40	43602		
40	43642		
40	43682		
40	43722		
40	43762		
40	43802		
40	43842		
40	43882		
40	43922		
40	43962		
40	44002		
40	44042		
40	44082		
40	44122		
40	44162		
40	44202		
40	44242		
40	44282		
40	44322		
40	44362		
40	44402		
40	44442		
40	44482		
40	44522		
40	44562		
40	44602		
40	44642		
40	44682		
40	44722		
40	44762		
40	44802		
40	44842		
40	44882		
40	44922		
40	44962		
40	45002		
40	45042		
40	45082		
40	45122		
40	45162		
40	45202		
40	45242		
41	45283		
41	45324		
41	45365		
41	45406		
41	45447		
41	45488		
41	45529		
41	45570		
41	45611		
41	45652		
41	45693		
41	45734		
41	45775		
41	45816		
41	45857		
41	45898		
41	45939		
41	45980		
41	46021		
41	46062		
41	46103		
41	46144		
41	46185		
41	46226		
41	46267		
41	46308		
41	46349		
41	46390		
41	46431		
41	46472		
41	46513		
41	46554		
41	46595		
41	46636		
41	46677		
41	46718		
41	46759		
41	46800		
41	46841		
41	46882		
41	46923		
41	46964		
41	47005		
41	47046		
42	47088		
42	47130		
42	47172		
42	47214		
42	47256		
42	47298		
42	47340		
42	47382		
42	47424		
42	47466		
42	47508		
42	47550		
42	47592		
42	47634		
42	47676		
42	47718		
42	47760		
42	47802		
42	47844		
42	47886		
42	47928		
42	47970		
42	48012		
42	48054		
42	48096		
42	48138		
42	48180		
42	48222		
42	48264		
42	48306		
42	48348		
42	48390		
42	48432		
42	48474		
42	48516		
42	48558		
42	48600		
42	48642		
42	48684		
42	48726		
42	48768		
42	48810		
42	48852		
42	48894		
42	48936		
42	48978		
42	49020		
42	49062		
42	49104		
42	49146		
42	49188		
42	49230		
42	49272		
42	49314		
42	49356		
42	49398		
42	49440		
43	49483		
43	49526		
43	49569		
43	49612		
43	49655		
43	49698		
43	49741		
43	49784		
43	49827		
43	49870		
43	49913		
43	49956		
43	49999		
43	50042		
43	50085		
43	50128		
43	50171		
43	50214		
43	50257		
43	50300		
43	50343		
43	50386		
43	50429		
43	50472		
43	50515		
43	50558		
43	50601		
43	50644		
43	50687		
43	50730		
43	50773		
43	50816		
43	50859		
43	50902		
43	50945		
43	50988		
43	51031		
43	51074		
43	51117		
43	51160		
43	51203		
43	51246		
43	51289		
43	51332		
43	51375		
43	51418		
43	51461		
43	51504		
43	51547		
43	51590		
43	51633		
43	51676		
43	51719		
44	51763		
44	51807		
44	51851		
44	51895		
44	51939		
44	51983		
44	52027		
44	52071		
44	52115		
44	52159		
44	52203		
44	52247		
44	52291		
44	52335		
44	52379		
44	52423		
44	52467		
44	52511		
44	52555		
44	52599		
44	52643		
44	52687		
44	52731		
44	52775		
44	52819		
44	52863		
44	52907		
44	52951		
44	52995		
44	53039		
44	53083		
44	53127		
44	53171		
44	53215		
44	53259		
44	53303		
44	53347		
44	53391		
44	53435		
44	53479		
44	53523		
44	53567		
44	53611		
44	53655		
44	53699		
44	53743		
44	53787		
44	53831		
44	53875		
44	53919		
44	53963		
44	54007		
44	54051		
44	54095		
44	54139		
44	54183		
44	54227		
44	54271		
44	54315		
44	54359		
44	54403		
44	54447		
44	54491		
44	54535		
45	54580		
45	54625		
45	54670		
45	54715		
45	54760		
45	54805		
45	54850		
45	54895		
45	54940		
45	54985		
45	55030		
45	55075		
45	55120		
45	55165		
45	55210		
45	55255		
45	55300		
45	55345		
45	55390		
45	55435		
45	55480		
45	55525		
45	55570		
45	55615		
45	55660		
45	55705		
45	55750		
45	55795		
45	55840		
45	55885		
45	55930		
45	55975		
45	56020		
45	56065		
45	56110		
45	56155		
45	56200		
45	56245		
45	56290		
45	56335		
45	56380		
45	56425		
45	56470		
45	56515		
45	56560		
45	56605		
45	56650		
45	56695		
45	56740		
45	56785		
45	56830		
45	56875		
45	56920		
45	56965		
45	57010		
45	57055		
46	57101		
46	57147		
46	57193		
46	57239		
46	57285		
46	57331		
46	57377		
46	57423		
46	57469		
46	57515		
46	57561		
46	57607		
46	57653		
46	57699		
46	57745		
46	57791		
46	57837		
46	57883		
46	57929		
46	57975		
46	58021		
46	58067		
46	58113		
46	58159		
46	58205		
46	58251		
46	58297		
46	58343		
46	58389		
46	58435		
46	58481		
46	58527		
46	58573		
46	58619		
46	58665		
46	58711		
46	58757		
46	58803		
46	58849		
46	58895		
46	58941		
46	58987		
46	59033		
46	59079		
47	59126		
47	59173		
47	59220		
47	59267		
47	59314		
47	59361		
47	59408		
47	59455		
47	59502		
47	59549		
47	59596		
47	59643		
47	59690		
47	59737		
47	59784		
47	59831		
47	59878		
47	59925		
47	59972		
47	60019		
47	60066		
47	60113		
47	60160		
47	60207		
47	60254		
47	60301		
47	60348		
47	60395		
47	60442		
47	60489		
47	60536		
47	60583		
47	60630		
47	60677		
47	60724		
47	60771		
47	60818		
47	60865		
47	60912		
47	60959		
47	61006		
47	61053		
47	61100		
47	61147		
47	61194		
47	61241		
47	61288		
47	61335		
47	61382		
47	61429		
47	61476		
47	61523		
47	61570		
47	61617		
47	61664		
48	61712		
48	61760		
48	61808		
48	61856		
48	61904		
48	61952		
48	62000		
48	62048		
48	62096		
48	62144		
48	62192		
48	62240		
48	62288		
48	62336		
48	62384		
48	62432		
48	62480		
48	62528		
48	62576		
48	62624		
48	62672		
48	62720		
48	62768		
48	62816		
48	62864		
48	62912		
48	62960		
48	63008		
48	63056		
48	63104		
48	63152		
48	63200		
48	63248		
48	63296		
48	63344		
48	63392		
48	63440		
48	63488		
48	63536		
48	63584		
48	63632		
48	63680		
48	63728		
48	63776		
48	63824		
48	63872		
48	63920		
48	63968		
48	64016		
48	64064		
48	64112		
48	64160		
48	64208		
48	64256		
48	64304		
48	64352		
48	64400		
49	64449		
49	64498		
49	64547		
49	64596		
49	64645		
49	64694		
49	64743		
49	64792		
49	64841		
49	64890		
49	64939		
49	64988		
49	65037		
49	65086		
49	65135		
49	65184		
49	65233		
49	65282		
49	65331		
49	65380		
49	65429		
49	65478		
49	65527		
49	65576		
49	65625		
49	65674		
49	65723		
49	65772		
49	65821		
49	65870		
49	65919		
49	65968		
49	66017		
49	66066		
49	66115		
49	66164		
49	66213		
49	66262		
49	66311		
49	66360		
49	66409		
49	66458		
49	66507		
49	66556		
49	66605		
49	66654		
49	66703		
49	66752		
49	66801		
49	66850		
49	66899		
49	66948		
49	66997		
49	67046		
49	67095		
49	67144		
49	67193		
49	67242		
49	67291		
49	67340		
49	67389		
49	67438		
49	67487		
49	67536		
49	67585		
49	67634		
50	67684		
50	67734		
50	67784		
50	67834		
50	67884		
50	67934		
50	67984		
50	68034		
50	68084		
50	68134		
50	68184		
50	68234		
50	68284		
50	68334		
50	68384		
50	68434		
50	68484		
50	68534		
50	68584		
50	68634		
50	68684		
50	68734		
50	68784		
50	68834		
50	68884		
50	68934		
50	68984		
50	69034		
50	69084		
50	69134		
50	69184		
50	69234		
50	69284		
50	69334		
50	69384		
50	69434		
50	69484		
50	69534		
50	69584		
50	69634		
50	69684		
50	69734		
50	69784		
50	69834		
50	69884		
50	69934		
50	69984		
50	70034		
50	70084		
50	70134		
50	70184		
50	70234		
50	70284		
50	70334		
50	70384		
50	70434		
50	70484		
50	70534		
50	70584		
50	70634		
50	70684		
50	70734		
50	70784		
50	70834		
50	70884		
50	70934		
51	70985		
51	71036		
51	71087		
51	71138		
51	71189		
51	71240		
51	71291		
51	71342		
51	71393		
51	71444		
51	71495		
51	71546		
51	71597		
51	71648		
51	71699		
51	71750		
51	71801		
51	71852		
51	71903		
51	71954		
51	72005		
51	72056		
51	72107		
51	72158		
51	72209		
51	72260		
51	72311		
51	72362		
51	72413		
51	72464		
51	72515		
51	72566		
51	72617		
51	72668		
51	72719		
51	72770		
51	72821		
51	72872		
51	72923		
51	72974		
51	73025		
51	73076		
51	73127		
51	73178		
51	73229		
51	73280		
51	73331		
51	73382		
51	73433		
51	73484		
51	73535		
51	73586		
51	73637		
51	73688		
51	73739		
51	73790		
51	73841		
51	73892		
51	73943		
51	73994		
51	74045		
51	74096		
51	74147		
51	74198		
51	74249		
51	74300		
51	74351		
51	74402		
51	74453		
52	74505		
52	74557		
52	74609		
52	74661		
52	74713		
52	74765		
52	74817		
52	74869		
52	74921		
52	74973		
52	75025		
52	75077		
52	75129		
52	75181		
52	75233		
52	75285		
52	75337		
52	75389		
52	75441		
52	75493		
52	75545		
52	75597		
52	75649		
52	75701		
52	75753		
52	75805		
52	75857		
52	75909		
52	75961		
52	76013		
52	76065		
52	76117		
52	76169		
52	76221		
52	76273		
52	76325		
52	76377		
52	76429		
52	76481		
52	76533		
52	76585		
52	76637		
52	76689		
52	76741		
52	76793		
52	76845		
52	76897		
52	76949		
52	77001		
52	77053		
52	77105		
52	77157		
53	77210		
53	77263		
53	77316		
53	77369		
53	77422		
53	77475		
53	77528		
53	77581		
53	77634		
53	77687		
53	77740		
53	77793		
53	77846		
53	77899		
53	77952		
53	78005		
53	78058		
53	78111		
53	78164		
53	78217		
53	78270		
53	78323		
53	78376		
53	78429		
53	78482		
53	78535		
53	78588		
53	78641		
53	78694		
53	78747		
53	78800		
53	78853		
53	78906		
53	78959		
53	79012		
53	79065		
53	79118		
53	79171		
53	79224		
53	79277		
53	79330		
53	79383		
53	79436		
53	79489		
53	79542		
53	79595		
53	79648		
53	79701		
53	79754		
53	79807		
53	79860		
53	79913		
53	79966		
53	80019		
53	80072		
53	80125		
53	80178		
53	80231		
53	80284		
53	80337		
53	80390		
53	80443		
54	80497		
54	80551		
54	80605		
54	80659		
54	80713		
54	80767		
54	80821		
54	80875		
54	80929		
54	80983		
54	81037		
54	81091		
54	81145		
54	81199		
54	81253		
54	81307		
54	81361		
54	81415		
54	81469		
54	81523		
54	81577		
54	81631		
54	81685		
54	81739		
54	81793		
54	81847		
54	81901		
54	81955		
54	82009		
54	82063		
54	82117		
54	82171		
54	82225		
54	82279		
54	82333		
54	82387		
54	82441		
54	82495		
54	82549		
54	82603		
54	82657		
54	82711		
54	82765		
54	82819		
54	82873		
54	82927		
54	82981		
54	83035		
54	83089		
54	83143		
54	83197		
54	83251		
54	83305		
54	83359		
55	83414		
55	83469		
55	83524		
55	83579		
55	83634		
55	83689		
55	83744		
55	83799		
55	83854		
55	83909		
55	83964		
55	84019		
55	84074		
55	84129		
55	84184		
55	84239		
55	84294		
55	84349		
55	84404		
55	84459		
55	84514		
55	84569		
55	84624		
55	84679		
55	84734		
55	84789		
55	84844		
55	84899		
55	84954		
55	85009		
55	85064		
55	85119		
55	85174		
55	85229		
55	85284		
55	85339		
55	85394		
55	85449		
55	85504		
55	85559		
55	85614		
55	85669		
55	85724		
55	85779		
55	85834		
55	85889		
55	85944		
55	85999		
55	86054		
55	86109		
56	86165		
56	86221		
56	86277		
56	86333		
56	86389		
56	86445		
56	86501		
56	86557		
56	86613		
56	86669		
56	86725		
56	86781		
56	86837		
56	86893		
56	86949		
56	87005		
56	87061		
56	87117		
56	87173		
56	87229		
56	87285		
56	87341		
56	87397		
56	87453		
56	87509		
56	87565		
56	87621		
56	87677		
56	87733		
56	87789		
56	87845		
56	87901		
56	87957		
56	88013		
56	88069		
56	88125		
56	88181		
56	88237		
56	88293		
56	88349		
56	88405		
56	88461		
56	88517		
56	88573		
56	88629		
56	88685		
56	88741		
56	88797		
56	88853		
56	88909		
56	88965		
56	89021		
56	89077		
57	89134		
57	89191		
57	89248		
57	89305		
57	89362		
57	89419		
57	89476		
57	89533		
57	89590		
57	89647		
57	89704		
57	89761		
57	89818		
57	89875		
57	89932		
57	89989		
57	90046		
57	90103		
57	90160		
57	90217		
57	90274		
57	90331		
57	90388		
57	90445		
57	90502		
57	90559		
57	90616		
57	90673		
57	90730		
57	90787		
57	90844		
57	90901		
57	90958		
57	91015		
57	91072		
57	91129		
57	91186		
57	91243		
57	91300		
57	91357		
57	91414		
58	91472		
58	91530		
58	91588		
58	91646		
58	91704		
58	91762		
58	91820		
58	91878		
58	91936		
58	91994		
58	92052		
58	92110		
58	92168		
58	92226		
58	92284		
58	92342		
58	92400		
58	92458		
58	92516		
58	92574		
58	92632		
58	92690		
58	92748		
58	92806		
58	92864		
58	92922		
58	92980		
58	93038		
58	93096		
58	93154		
58	93212		
58	93270		
58	93328		
58	93386		
58	93444		
58	93502		
58	93560		
58	93618		
58	93676		
58	93734		
58	93792		
58	93850		
58	93908		
58	93966		
58	94024		
58	94082		
58	94140		
58	94198		
58	94256		
58	94314		
58	94372		
58	94430		
58	94488		
58	94546		
58	94604		
58	94662		
58	94720		
58	94778		
58	94836		
58	94894		
58	94952		
58	95010		
58	95068		
58	95126		
59	95185		
59	95244		
59	95303		
59	95362		
59	95421		
59	95480		
59	95539		
59	95598		
59	95657		
59	95716		
59	95775		
59	95834		
59	95893		
59	95952		
59	96011		
59	96070		
59	96129		
59	96188		
59	96247		
59	96306		
59	96365		
59	96424		
59	96483		
59	96542		
59	96601		
59	96660		
59	96719		
59	96778		
59	96837		
59	96896		
59	96955		
59	97014		
59	97073		
59	97132		
59	97191		
59	97250		
59	97309		
59	97368		
59	97427		
59	97486		
59	97545		
59	97604		
59	97663		
59	97722		
59	97781		
59	97840		
59	97899		
59	97958		
59	98017		
59	98076		
59	98135		
59	98194		
59	98253		
59	98312		
59	98371		
59	98430		
59	98489		
59	98548		
59	98607		
59	98666		
59	98725		
60	98785		
60	98845		
60	98905		
60	98965		
60	99025		
60	99085		
60	99145		
60	99205		
60	99265		
60	99325		
60	99385		
60	99445		
60	99505		
60	99565		
60	99625		
60	99685		
60	99745		
60	99805		
60	99865		
60	99925		
60	99985		
60	100045		
60	100105		
60	100165		
60	100225		
60	100285		
60	100345		
60	100405		
60	100465		
60	100525		
60	100585		
60	100645		
60	100705		
60	100765		
60	100825		
60	100885		
60	100945		
60	101005		
60	101065		
60	101125		
60	101185		
60	101245		
60	101305		
60	101365		
61	101426		
61	101487		
61	101548		
61	101609		
61	101670		
61	101731		
61	101792		
61	101853		
61	101914		
61	101975		
61	102036		
61	102097		
61	102158		
61	102219		
61	102280		
61	102341		
61	102402		
61	102463		
61	102524		
61	102585		
61	102646		
61	102707		
61	102768		
61	102829		
61	102890		
61	102951		
61	103012		
61	103073		
61	103134		
61	103195		
61	103256		
61	103317		
61	103378		
61	103439		
61	103500		
61	103561		
61	103622		
61	103683		
61	103744		
61	103805		
61	103866		
61	103927		
61	103988		
61	104049		
61	104110		
61	104171		
61	104232		
61	104293		
61	104354		
61	104415		
61	104476		
61	104537		
61	104598		
61	104659		
61	104720		
61	104781		
61	104842		
61	104903		
61	104964		
61	105025		
61	105086		
61	105147		
61	105208		
61	105269		
61	105330		
61	105391		
61	105452		
61	105513		
62	105575		
62	105637		
62	105699		
62	105761		
62	105823		
62	105885		
62	105947		
62	106009		
62	106071		
62	106133		
62	106195		
62	106257		
62	106319		
62	106381		
62	106443		
62	106505		
62	106567		
62	106629		
62	106691		
62	106753		
62	106815		
62	106877		
62	106939		
62	107001		
62	107063		
62	107125		
62	107187		
62	107249		
62	107311		
62	107373		
62	107435		
62	107497		
62	107559		
62	107621		
62	107683		
62	107745		
62	107807		
62	107869		
62	107931		
62	107993		
62	108055		
62	108117		
62	108179		
62	108241		
62	108303		
62	108365		
62	108427		
62	108489		
62	108551		
62	108613		
62	108675		
63	108738		
63	108801		
63	108864		
63	108927		
63	108990		
63	109053		
63	109116		
63	109179		
63	109242		
63	109305		
63	109368		
63	109431		
63	109494		
63	109557		
63	109620		
63	109683		
63	109746		
63	109809		
63	109872		
63	109935		
63	109998		
63	110061		
63	110124		
63	110187		
63	110250		
63	110313		
63	110376		
63	110439		
63	110502		
63	110565		
63	110628		
63	110691		
63	110754		
63	110817		
63	110880		
63	110943		
63	111006		
63	111069		
63	111132		
63	111195		
63	111258		
63	111321		
63	111384		
63	111447		
63	111510		
63	111573		
63	111636		
63	111699		
63	111762		
63	111825		
63	111888		
63	111951		
63	112014		
63	112077		
63	112140		
63	112203		
63	112266		
63	112329		
63	112392		
63	112455		
63	112518		
63	112581		
64	112645		
64	112709		
64	112773		
64	112837		
64	112901		
64	112965		
64	113029		
64	113093		
64	113157		
64	113221		
64	113285		
64	113349		
64	113413		
64	113477		
64	113541		
64	113605		
64	113669		
64	113733		
64	113797		
64	113861		
64	113925		
64	113989		
64	114053		
64	114117		
64	114181		
64	114245		
64	114309		
64	114373		
64	114437		
64	114501		
64	114565		
64	114629		
64	114693		
64	114757		
64	114821		
64	114885		
64	114949		
64	115013		
64	115077		
64	115141		
64	115205		
64	115269		
64	115333		
64	115397		
64	115461		
64	115525		
64	115589		
64	115653		
64	115717		
65	115782		
65	115847		
65	115912		
65	115977		
65	116042		
65	116107		
65	116172		
65	116237		
65	116302		
65	116367		
65	116432		
65	116497		
65	116562		
65	116627		
65	116692		
65	116757		
65	116822		
65	116887		
65	116952		
65	117017		
65	117082		
65	117147		
65	117212		
65	117277		
65	117342		
65	117407		
65	117472		
65	117537		
65	117602		
65	117667		
65	117732		
65	117797		
65	117862		
65	117927		
65	117992		
65	118057		
65	118122		
65	118187		
65	118252		
65	118317		
65	118382		
65	118447		
65	118512		
65	118577		
65	118642		
65	118707		
65	118772		
65	118837		
66	118903		
66	118969		
66	119035		
66	119101		
66	119167		
66	119233		
66	119299		
66	119365		
66	119431		
66	119497		
66	119563		
66	119629		
66	119695		
66	119761		
66	119827		
66	119893		
66	119959		
66	120025		
66	120091		
66	120157		
66	120223		
66	120289		
66	120355		
66	120421		
66	120487		
66	120553		
66	120619		
66	120685		
66	120751		
66	120817		
66	120883		
66	120949		
66	121015		
66	121081		
66	121147		
66	121213		
66	121279		
66	121345		
66	121411		
66	121477		
66	121543		
66	121609		
66	121675		
66	121741		
66	121807		
66	121873		
66	121939		
66	122005		
66	122071		
66	122137		
66	122203		
66	122269		
66	122335		
66	122401		
66	122467		
67	122534		
67	122601		
67	122668		
67	122735		
67	122802		
67	122869		
67	122936		
67	123003		
67	123070		
67	123137		
67	123204		
67	123271		
67	123338		
67	123405		
67	123472		
67	123539		
67	123606		
67	123673		
67	123740		
67	123807		
67	123874		
67	123941		
67	124008		
67	124075		
67	124142		
67	124209		
67	124276		
67	124343		
67	124410		
67	124477		
67	124544		
67	124611		
67	124678		
67	124745		
67	124812		
67	124879		
67	124946		
67	125013		
67	125080		
67	125147		
67	125214		
67	125281		
67	125348		
67	125415		
67	125482		
67	125549		
67	125616		
67	125683		
67	125750		
67	125817		
67	125884		
67	125951		
67	126018		
67	126085		
67	126152		
67	126219		
67	126286		
67	126353		
67	126420		
67	126487		
67	126554		
67	126621		
67	126688		
67	126755		
67	126822		
67	126889		
67	126956		
68	127024		
68	127092		
68	127160		
68	127228		
68	127296		
68	127364		
68	127432		
68	127500		
68	127568		
68	127636		
68	127704		
68	127772		
68	127840		
68	127908		
68	127976		
68	128044		
68	128112		
68	128180		
68	128248		
68	128316		
68	128384		
68	128452		
68	128520		
68	128588		
68	128656		
68	128724		
68	128792		
68	128860		
68	128928		
68	128996		
68	129064		
68	129132		
68	129200		
68	129268		
68	129336		
68	129404		
68	129472		
68	129540		
68	129608		
68	129676		
68	129744		
68	129812		
68	129880		
68	129948		
68	130016		
68	130084		
68	130152		
68	130220		
68	130288		
68	130356		
68	130424		
68	130492		
68	130560		
68	130628		
68	130696		
68	130764		
68	130832		
68	130900		
68	130968		
69	131037		
69	131106		
69	131175		
69	131244		
69	131313		
69	131382		
69	131451		
69	131520		
69	131589		
69	131658		
69	131727		
69	131796		
69	131865		
69	131934		
69	132003		
69	132072		
69	132141		
69	132210		
69	132279		
69	132348		
69	132417		
69	132486		
69	132555		
69	132624		
69	132693		
69	132762		
69	132831		
69	132900		
69	132969		
69	133038		
69	133107		
69	133176		
69	133245		
69	133314		
69	133383		
69	133452		
69	133521		
69	133590		
69	133659		
69	133728		
69	133797		
69	133866		
69	133935		
69	134004		
69	134073		
69	134142		
69	134211		
69	134280		
69	134349		
69	134418		
69	134487		
69	134556		
69	134625		
69	134694		
69	134763		
69	134832		
69	134901		
69	134970		
69	135039		
69	135108		
69	135177		
69	135246		
69	135315		
69	135384		
69	135453		
69	135522		
70	135592		
70	135662		
70	135732		
70	135802		
70	135872		
70	135942		
70	136012		
70	136082		
70	136152		
70	136222		
70	136292		
70	136362		
70	136432		
70	136502		
70	136572		
70	136642		
70	136712		
70	136782		
70	136852		
70	136922		
70	136992		
70	137062		
70	137132		
70	137202		
70	137272		
70	137342		
70	137412		
70	137482		
70	137552		
70	137622		
70	137692		
70	137762		
70	137832		
70	137902		
70	137972		
70	138042		
70	138112		
70	138182		
70	138252		
70	138322		
70	138392		
70	138462		
70	138532		
70	138602		
70	138672		
70	138742		
70	138812		
70	138882		
70	138952		
70	139022		
71	139093		
71	139164		
71	139235		
71	139306		
71	139377		
71	139448		
71	139519		
71	139590		
71	139661		
71	139732		
71	139803		
71	139874		
71	139945		
71	140016		
71	140087		
71	140158		
71	140229		
71	140300		
71	140371		
71	140442		
71	140513		
71	140584		
71	140655		
71	140726		
71	140797		
71	140868		
71	140939		
71	141010		
71	141081		
71	141152		
71	141223		
71	141294		
71	141365		
71	141436		
71	141507		
71	141578		
71	141649		
71	141720		
71	141791		
71	141862		
71	141933		
71	142004		
71	142075		
71	142146		
71	142217		
71	142288		
71	142359		
71	142430		
71	142501		
71	142572		
71	142643		
72	142715		
72	142787		
72	142859		
72	142931		
72	143003		
72	143075		
72	143147		
72	143219		
72	143291		
72	143363		
72	143435		
72	143507		
72	143579		
72	143651		
72	143723		
72	143795		
72	143867		
72	143939		
72	144011		
72	144083		
72	144155		
72	144227		
72	144299		
72	144371		
72	144443		
72	144515		
72	144587		
72	144659		
72	144731		
72	144803		
72	144875		
72	144947		
72	145019		
72	145091		
72	145163		
72	145235		
72	145307		
72	145379		
72	145451		
72	145523		
72	145595		
72	145667		
72	145739		
72	145811		
72	145883		
72	145955		
72	146027		
72	146099		
72	146171		
72	146243		
72	146315		
72	146387		
72	146459		
73	146532		
73	146605		
73	146678		
73	146751		
73	146824		
73	146897		
73	146970		
73	147043		
73	147116		
73	147189		
73	147262		
73	147335		
73	147408		
73	147481		
73	147554		
73	147627		
73	147700		
73	147773		
73	147846		
73	147919		
73	147992		
73	148065		
73	148138		
73	148211		
73	148284		
73	148357		
73	148430		
73	148503		
73	148576		
73	148649		
73	148722		
73	148795		
73	148868		
73	148941		
73	149014		
73	149087		
73	149160		
73	149233		
73	149306		
73	149379		
73	149452		
73	149525		
73	149598		
73	149671		
73	149744		
73	149817		
73	149890		
73	149963		
73	150036		
73	150109		
73	150182		
73	150255		
73	150328		
73	150401		
74	150475		
74	150549		
74	150623		
74	150697		
74	150771		
74	150845		
74	150919		
74	150993		
74	151067		
74	151141		
74	151215		
74	151289		
74	151363		
74	151437		
74	151511		
74	151585		
74	151659		
74	151733		
74	151807		
74	151881		
74	151955		
74	152029		
74	152103		
74	152177		
74	152251		
74	152325		
74	152399		
74	152473		
74	152547		
74	152621		
74	152695		
74	152769		
74	152843		
74	152917		
74	152991		
74	153065		
74	153139		
74	153213		
74	153287		
74	153361		
74	153435		
74	153509		
74	153583		
74	153657		
74	153731		
74	153805		
74	153879		
74	153953		
74	154027		
74	154101		
74	154175		
74	154249		
75	154324		
75	154399		
75	154474		
75	154549		
75	154624		
75	154699		
75	154774		
75	154849		
75	154924		
75	154999		
75	155074		
75	155149		
75	155224		
75	155299		
75	155374		
75	155449		
75	155524		
75	155599		
75	155674		
75	155749		
75	155824		
75	155899		
75	155974		
75	156049		
75	156124		
75	156199		
75	156274		
75	156349		
75	156424		
75	156499		
75	156574		
75	156649		
75	156724		
75	156799		
75	156874		
75	156949		
75	157024		
75	157099		
75	157174		
75	157249		
75	157324		
75	157399		
75	157474		
75	157549		
75	157624		
75	157699		
75	157774		
75	157849		
75	157924		
75	157999		
75	158074		
76	158150		
76	158226		
76	158302		
76	158378		
76	158454		
76	158530		
76	158606		
76	158682		
76	158758		
76	158834		
76	158910		
76	158986		
76	159062		
76	159138		
76	159214		
76	159290		
76	159366		
76	159442		
76	159518		
76	159594		
76	159670		
76	159746		
76	159822		
76	159898		
76	159974		
76	160050		
76	160126		
76	160202		
76	160278		
76	160354		
76	160430		
76	160506		
76	160582		
76	160658		
76	160734		
76	160810		
76	160886		
76	160962		
76	161038		
76	161114		
76	161190		
76	161266		
76	161342		
76	161418		
76	161494		
76	161570		
76	161646		
76	161722		
76	161798		
76	161874		
76	161950		
76	162026		
76	162102		
76	162178		
76	162254		
77	162331		
77	162408		
77	162485		
77	162562		
77	162639		
77	162716		
77	162793		
77	162870		
77	162947		
77	163024		
77	163101		
77	163178		
77	163255		
77	163332		
77	163409		
77	163486		
77	163563		
77	163640		
77	163717		
77	163794		
77	163871		
77	163948		
77	164025		
77	164102		
77	164179		
77	164256		
77	164333		
77	164410		
77	164487		
77	164564		
77	164641		
77	164718		
77	164795		
77	164872		
77	164949		
77	165026		
77	165103		
77	165180		
77	165257		
77	165334		
77	165411		
77	165488		
77	165565		
77	165642		
77	165719		
77	165796		
77	165873		
77	165950		
77	166027		
77	166104		
77	166181		
77	166258		
77	166335		
77	166412		
77	166489		
77	166566		
77	166643		
77	166720		
77	166797		
77	166874		
77	166951		
78	167029		
78	167107		
78	167185		
78	167263		
78	167341		
78	167419		
78	167497		
78	167575		
78	167653		
78	167731		
78	167809		
78	167887		
78	167965		
78	168043		
78	168121		
78	168199		
78	168277		
78	168355		
78	168433		
78	168511		
78	168589		
78	168667		
78	168745		
78	168823		
78	168901		
78			
78			
78			
78			
78			
78			
78			
78			
78			
78			
78			
78			
78			
78			
78			
78			
78			
78			
78			
78			
78			
78			
78			
78			
78			
78			
78			
78			
78			
78			
78			
78			
78			
78			
78			
78			
78			
78			
78			
79			
79			
79			
79			
79			
79			
79			
79			
79			
79			
79			
79			
79			
79			
79			
79			
79			
79			
79			
79			
79			
79			
79			
79			
79			
79			
79			
79			
79			
79			
79			
79			
79			
79			
79			
79			
79			
79			
79			
79			
79			
79			
79			
79			
79			
79			
79			
79			
79			
79			
79			
79			
79			
79			
79			
79			
79			
79			
79			
79			
79			
79			
79			
79			
80			
80			
80			
80			
80			
80			
80			
80			
80			
80			
80			
80			
80			
80			
80			
80			
80			
80			
80			
80			
80			
80			
80			
80			
80			
80			
80			
80			
80			
80			
80			
80			
80			
80			
80			
80			
80			
80			
80			
80			
80			
80			
80			
80			
80			
80			
80			
80			
80			
80			
80			
80			
80			
80			
80			
81			
81			
81			
81			
81			
81			
81			
81			
81			
81			
81			
81			
81			
81			
81			
81			
81			
81			
81			
81			
81			
81			
81			
81			
81			
81			
81			
81			
81			
81			
81			
81			
81			
81			
81			
81			
81			
81			
81			
81			
81			
81			
81			
81			
81			
81			
81			
81			
81			
81			
81			
81			
82			
82			
82			
82			
82			
82			
82			
82			
82			
82			
82			
82			
82			
82			
82			
82			
82			
82			
82			
82			
82			
82			
82			
82			
82			
82			
82			
82			
82			
82			
82			
82			
82			
82			
82			
82			
82			
82			
82			
82			
82			
82			
82			
82			
82			
82			
82			
82			
82			
82			
82			
82			
83			
83			
83			
83			
83			
83			
83			
83			
83			
83			
83			
83			
83			
83			
83			
83			
83			
83			
83			
83			
83			
83			
83			
83			
83			
83			
83			
83			
83			
83			
83			
83			
83			
83			
83			
83			
83			
83			
83			
83			
83			
83			
83			
83			
83			
83			
83			
83			
83			
83			
83			
83			
83			
83			
84			
84			
84			
84			
84			
84			
84			
84			
84			
84			
84			
84			
84			
84			
84			
84			
84			
84			
84			
84			
84			
84			
84			
84			
84			
84			
84			
84			
84			
84			
84			
84			
84			
84			
84			
84			
84			
84			
84			
84			
84			
84			
84			
84			
84			
84			
84			
84			
84			
84			
84			
84			
84			
84			
84			
84			
84			
84			
84			
84			
84			
84			
84			
84			
84			
84			
84			
84			
84			
84			
84			
84			
85			
85			
85			
85			
85			
85			
85			
85			
85			
85			
85			
85			
85			
85			
85			
85			
85			
85			
85			
85			
85			
85			
85			
85			
85			
85			
85			
85			
85			
85			
85			
85			
85			
85			
85			
85			
85			
85			
85			
85			
85			
85			
85			
85			
85			
85			
85			
85			
85			
85			
86			
86			
86			
86			
86			
86			
86			
86			
86			
86			
86			
86			
86			
86			
86			
86			
86			
86			
86			
86			
86			
86			
86			
86			
86			
86			
86			
86			
86			
86			
86			
86			
86			
86			
86			
86			
86			
86			
86			
86			
86			
86			
86			
86			
86			
86			
86			
86			
86			
86			
86			
86			
86			
86			
86			
86			
87			
87			
87			
87			
87			
87			
87			
87			
87			
87			
87			
87			
87			
87			
87			
87			
87			
87			
87			
87			
87			
87			
87			
87			
87			
87			
87			
87			
87			
87			
87			
87			
87			
87			
87			
87			
87			
87			
87			
87			
87			
87			
87			
87			
87			
87			
87			
87			
87			
87			
87			
87			
87			
87			
87			
87			
87			
88			
88			
88			
88			
88			
88			
88			
88			
88			
88			
88			
88			
88			
88			
88			
88			
88			
88			
88			
88			
88			
88			
88			
88			
88			
88			
88			
88			
88			
88			
88			
88			
88			
88			
88			
88			
88			
88			
88			
88			
88			
88			
88			
88			
88			
88			
88			
88			
88			
88			
88			
88			
88			
89			
89			
89			
89			
89			
89			
89			
89			
89			
89			
89			
89			
89			
89			
89			
89			
89			
89			
89			
89			
89			
89			
89			
89			
89			
89			
89			
89			
89			
89			
89			
89			
89			
89			
89			
89			
89			
89			
89			
89			
89			
89			
89			
89			
89			
89			
89			
89			
89			
89			
89			
89			
90			
90			
90			
90			
90			
90			
90			
90			
90			
90			
90			
90			
90			
90			
90			
90			
90			
90			
90			
90			
90			
90			
90			
90			
90			
90			
90			
90			
90			
90			
90			
90			
90			
90			
90			
90			
90			
90			
90			
90			
90			
90			
90			
90			
91			
91			
91			
91			
91			
91			
91			
91			
91			
91			
91			
91			
91			
91			
91			
91			
91			
91			
91			
91			
91			
91			
91			
91			
91			
91			
91			
91			
91			
91			
91			
91			
91			
91			
91			
91			
91			
91			
91			
91			
91			
91			
91			
92			
92			
92			
92			
92			
92			
92			
92			
92			
92			
92			
92			
92			
92			
92			
92			
92			
92			
92			
92			
92			
92			
92			
92			
92			
92			
92			
92			
92			
92			
92			
92			
92			
92			
92			
92			
92			
92			
92			
92			
92			
92			
92			
92			
92			
93			
93			
93			
93			
93			
93			
93			
93			
93			
93			
93			
93			
93			
93			
93			
93			
93			
93			
93			
93			
93			
93			
93			
93			
93			
93			
93			
93			
93			
93			
93			
93			
93			
93			
93			
93			
93			
93			
93			
93			
93			
93			
93			
93			
93			
93			
93			
93			
93			
93			
93			
93			
93			
93			
93			
93			
93			
93			
93			
93			
93			
93			
93			
93			
94			
94			
94			
94			
94			
94			
94			
94			
94			
94			
94			
94			
94			
94			
94			
94			
94			
94			
94			
94			
94			
94			
94			
94			
94			
94			
94			
94			
94			
94			
94			
94			
94			
94			
94			
94			
94			
94			
94			
94			
94			
94			
94			
94			
94			
94			
94			
94			
94			
94			
94			
94			
94			
94			
94			
94			
94			
94			
94			
94			
94			
94			
94			
94			
94			
94			
95			
95			
95			
95			
95			
95			
95			
95			
95			
95			
95			
95			
95			
95			
95			
95			
95			
95			
95			
95			
95			
95			
95			
95			
95			
95			
95			
95			
95			
95			
95			
95			
95			
95			
95			
95			
95			
95			
95			
95			
95			
95			
95			
95			
95			
95			
95			
95			
95			
95			
95			
95			
95			
95			
96			
96			
96			
96			
96			
96			
96			
96			
96			
96			
96			
96			
96			
96			
96			
96			
96			
96			
96			
96			
96			
96			
96			
96			
96			
96			
96			
96			
96			
96			
96			
96			
96			
96			
96			
96			
96			
96			
96			
96			
96			
96			
96			
96			
96			
96			
96			
96			
96			
96			
96			
96			
96			
97			
97			
97			
97			
97			
97			
97			
97			
97			
97			
97			
97			
97			
97			
97			
97			
97			
97			
97			
97			
97			
97			
97			
97			
97			
97			
97			
97			
97			
97			
97			
97			
97			
97			
97			
97			
97			
97			
97			
97			
97			
97			
97			
97			
97			
97			
97			
97			
97			
97			
97			
97			
97			
98			
98			
98			
98			
98			
98			
98			
98			
98			
98			
98			
98			
98			
98			
98			
98			
98			
98			
98			
98			
98			
98			
98			
98			
98			
98			
98			
98			
98			
98			
98			
98			
98			
98			
98			
98			
98			
98			
98			
98			
98			
98			
98			
98			
98			
98			
98			
98			
98			
98			
98			
98			
98			
99			
99			
99			
99			
99			
99			
99			
99			
99			
99			
99			
99			
99			
99			
99			
99			
99			
99			
99			
99			
99			
99			
99			
99			
99			
99			
99			
99			
99			
99			
99			
99			
99			
99			
99			
99			
99			
99			
99			
99			
99			
99			
99			
99			
99			
99			
99			
99			
99			
99			
99			
99			
99			
99			
99			
99			
99			
99			
99			
99			
100			
100			
100			
100			
100			
100			
100			
100			
100			
100			
100			
100			
100			
100			
100			
100			
100			
100			
100			
100			
100			
100			
100			
100			
100			
100			
100			
100			
100			
100			
100			
100			
100			
100			
100			
100			
100			
100			
100			
100			
100			
100			
100			
100			
100			
100			
100			
